-10.5 0.5 0 -9.5 0.5 0
-10.5 0 0 -9.5 0 0
-10.5 -0.5 0 -9.5 -0.5 0
-9.5 0.5 0 -9.5 -0.5 0
-8.5 0.5 0 -8.5 -0.5 0
-8.5 0.5 0 -7.5 0.35 0
-7.5 0.35 0 -7.5 -0.35 0
-7.5 -0.35 0 -8.5 -0.5 0
-7.75 1 0 -6.25 1 0
-6.25 1 0 -6.25 -0.5 0
-5.5 1 0 -5.5 -1 0
-5 1 0 -5 -1 0
-6 0.5 0 -5.5 0.5 0
-4.5 1 0 -4 1.5 0
-4 1.5 0 -3.5 1 0
-3.5 1 0 -4 0.5 0
-4 0.5 0 -4.5 1 0
-3 1.5 0 -3 0.5 0
-4.5 0 0 -3.5 0 0
-3.5 0 0 -3.5 -1 0
-3.5 -1 0 -4.5 -1 0
-4.5 -1 0 -4.5 0 0
-1 1 0 1 1 0
-1 0 0 1 0 0
-0.5 1 0 -0.5 0 0
0.5 1 0 0.5 0 0
-1 -1.5 0 1 -1.5 0
3.25 1 0 2.25 1 0
3.25 1 0 3.25 0.5 0
3.25 0.5 0 2.25 0.5 0
2.25 0.5 0 2.25 -0.5 0
2.25 -0.5 0 3.25 -0.5 0
1.75 -1.5 0 3.75 -1.5 0
2.75 -1.5 0 2.75 -1 0
3 1 0 4.5 1 0
4.5 1 0 4.5 -0.5 0
3 -1 0 5 -1 0
6 1 0 5 1 0
6 1 0 6 0.5 0
6 0.5 0 5 0.5 0
5 0.5 0 5 -0.5 0
5 -0.5 0 6 -0.5 0
6.5 1 0 6.5 -1 0
6.5 0 0 7 0 0
7 1 0 7 -1 0
7 1 0 9 1 0
7 -1 0 9 -1 0
7 1 0 7 -1 0
9 1 0 9 -1 0
9.5 1 0 9.5 -1 0
8 -1.5 0 8.5 -2 0
8.5 -2 0 9 -1.5 0
9 -1.5 0 8.5 -1 0
8.5 -1 0 8 -1.5 0
