0 0 0 0 2 2
0 2 2 0 4 4
0 4 4 0 6 6
0 6 6 0 8 8
0 8 8 0 10 10
0 10 10 0 12 12
0 12 12 0 14 14
0 14 14 0 16 16
0 16 16 0 18 18
0 18 18 0 20 20

0 20 20 2 20 22
2 20 22 4 20 24
4 20 24 6 20 26
6 20 26 8 20 28
8 20 28 10 20 30

10 20 30 12 22 30
12 22 30 14 24 30
14 24 30 16 26 28
16 26 28 18 28 26
18 28 26 20 30 24
20 30 24 22 32 22
22 32 22 24 34 20
24 34 20 26 36 18
26 36 18 28 38 16
28 38 16 30 40 14

30 40 14 32 42 12
32 42 12 34 44 10
34 44 10 36 46 8
36 46 8 38 48 6
38 48 6 40 50 4
40 50 4 42 52 2
42 52 2 44 54 0

44 54 0 36 46 -8
36 46 -8 28 38 -16
28 38 -16 20 30 -24
20 30 -24 10 20 -32
10 20 -32 0 10 -40

0 10 -40 -10 0 -50
-10 0 -50 -20 0 -50
-20 0 -50 -30 0 -40
-30 0 -40 -30 0 -30
-30 0 -30 -20 0 -20
-20 0 -20 -10 0 -10
-10 0 -10 0 0 0