-10.25 0.5 0 -10.0 1.0 0
-10.0 1.0 0 -9.75 0.5 0
-10.25 0.0 0 -9.75 0.0 0
-10.0 0.0 0 -10.0 -0.5 0
-10.25 -1.0 0 -10.0 -0.5 0
-10.0 -0.5 0 -9.75 -1.0 0
-9.75 -1.0 0 -10.0 -1.5 0
-10.0 -1.5 0 -10.25 -1.0 0
-8.25 0.5 0 -8.0 1.0 0
-8.0 1.0 0 -7.75 0.5 0
-7.75 0.5 0 -8.0 0.0 0
-8.0 0.0 0 -8.25 0.5 0
-8.5 0.5 0 -7.5 0.5 0
-8.0 0.5 0 -8.0 -0.5 0
-8.5 -1.0 0 -7.5 -1.0 0
-7.5 -1.0 0 -8.0 -0.5 0
-8.0 -0.5 0 -8.5 -1.0 0
-6.25 0.5 0 -5.75 0.5 0
-6.25 0.25 0 -5.75 0.25 0
-6.0 0.5 0 -6.0 0.0 0
-6.25 -0.5 0 -5.75 -0.5 0
-6.0 -0.5 0 -6.0 -1.0 0
-6.0 -1.5 0 -6.0 -2.0 0
-6.0 -2.0 0 -5.5 -2.0 0
